    t   txns  upserts  deletes   lag_ms  slot_MB  applied_lsn
 0.02     34       42       68       19      0.0  3/26DC50
 0.01     36       78       72       11      0.0  3/276C48
 0.01     34       85       68       11      0.0  3/27E9C8
 0.02     34      101       68       16      0.0  3/286AB8
 0.02     36      120       72       16      0.0  3/28F7B0
 0.01     36      139       72       14      0.0  3/2986C8
 0.02     34      140       68       21      0.0  3/2A0DD8
 0.02     36      150       72       23      0.0  3/2AA3C8
 0.01     36      166       72       11      0.0  3/2B3810
 0.02     36      159       72       23      0.0  3/2BC7D0
 0.02     34      173       68       19      0.0  3/2C52C0
 0.02     34      163       68       24      0.0  3/2CDCF0
 0.02     36      184       72       18      0.0  3/2D6DB0
 0.03     34      162       68       25      0.0  3/2DF518
 0.03     34      173       68       25      0.0  3/2E79F0
 0.03     36      180       72       28      0.0  3/2F0938
 0.01     38      201       76       13      0.0  3/2FA930
 0.02     34      173       68       16      0.0  3/303130
 0.02     34      171       68       23      0.0  3/30B2D8
 0.02     36      197       72       20      0.0  3/314500
 0.03     34      182       68       26      0.0  3/31CC60
 0.02     36      200       72       24      0.0  3/326328
 0.03     36      192       72       30      0.0  3/32F228
 0.03     36      189       72       29      0.0  3/338488
 0.02     38      202       76       15      0.0  3/341788
 0.02     36      198       72       22      0.0  3/34AC20
 0.03     34      196       68       26      0.0  3/354760
 0.02     36      198       72       20      0.0  3/35D428
 0.02     36      198       72       22      0.0  3/365FD8
 0.03     34      196       68       26      0.0  3/36EA20
 0.02     36      196       72       24      0.0  3/377708
 0.04     36      201       72       36      0.0  3/380970
 0.09     36      191       72       94      0.0  3/389548
 0.02     36      210       72       23      0.0  3/392650
 0.02     34      199       68       22      0.0  3/39B710

applied 1238 transactions; 1238 cross-table moves

=== convergence check (goal G7) ===
  public.qs_orders           mirror    790 rows  source    790 rows   MATCH
  public.qs_orders_archive   mirror   1238 rows  source   1238 rows   MATCH

=== cross-table atomicity ===
  per-batch probes: 35, violations observed: 0
  rows in BOTH tables — source 0, mirror 0  OK

PASS — mirror converged
