    t   txns  upserts  deletes   lag_ms  slot_MB  applied_lsn
 0.02     34      146       68       21      0.0  2/FA78C5E0
 0.09     37      260       74       89      0.0  2/FA799C98
 0.03     37      257       74       31      0.0  2/FA7A64F0
 0.03     37      287       74       30      0.0  2/FA7B3528
 0.04     37      297       74       35      0.0  2/FA7C0CF0
 0.04     37      290       74       39      0.0  2/FA7CDCF8
 0.04     37      315       74       40      0.0  2/FA7DB1A0
 0.04     39      281       78       44      0.0  2/FA7E77B0
 0.02     39      346       78       24      0.0  2/FA7F5FE8
 0.03     37      277       74       27      0.0  2/FA801D48
 0.04     35      258       70       39      0.0  2/FA80C5F0
 0.03     39      294       78       34      0.0  2/FA818E90
 0.04     37      339       74       41      0.0  2/FA826DE8
 0.04     36      284       72       43      0.0  2/FA833078
 0.05     38      307       76       47      0.0  2/FA840568
 0.05     37      314       74       52      0.0  2/FA84D648
 0.03     41      313       82       27      0.0  2/FA85A600
 0.03     37      294       74       29      0.0  2/FA8669B0
 0.03     37      237       74       31      0.0  2/FA870A30
 0.04     35      279       70       36      0.0  2/FA87C320
 0.04     37      333       74       41      0.0  2/FA889F38
 0.05     37      341       74       45      0.0  2/FA897F68
 0.06     37      268       74       55      0.0  2/FA8A3260
 0.06     37      298       74       57      0.0  2/FA8AFCB0
 0.03     42      361       84       26      0.0  2/FA8BED98
 0.03     36      284       72       31      0.0  2/FA8CAD48
 0.06     35      300       70       56      0.0  2/FA8D7000
 0.04     35      288       70       40      0.0  2/FA8E30D8
 0.04     37      285       74       41      0.0  2/FA8EED10
 0.05     37      282       74       49      0.0  2/FA8FB370
 0.05     37      286       74       50      0.0  2/FA907720
 0.05     37      312       74       55      0.0  2/FA914258
 0.03     39      309       78       30      0.0  2/FA920F70
 0.02     37      312       74       23      0.0  2/FA92D900
 0.03     33      289       66       26      0.0  2/FA939880
 0.03     35      240       70       29      0.0  2/FA943838
 0.03     35      285       70       31      0.0  2/FA94F698
 0.04     36      299       72       36      0.0  2/FA95B8F0
 0.04     36      309       72       43      0.0  2/FA967E38
 0.05     35      276       70       47      0.0  2/FA973410
 0.02     39      326       78       24      0.0  2/FA980858
 0.03     33      255       66       25      0.0  2/FA98B278
 0.03     35      300       70       30      0.0  2/FA997938
 0.03     31      290       62       34      0.0  2/FA9A3058
 0.04     35      335       70       37      0.0  2/FA9B0F38

applied 1655 transactions; 1606 cross-table moves

=== convergence check (goal G7) ===
  public.qs_orders           mirror   5023 rows  source   5023 rows   MATCH
  public.qs_orders_archive   mirror   1606 rows  source   1606 rows   MATCH

=== cross-table atomicity ===
  per-batch probes: 45, violations observed: 0
  rows in BOTH tables — source 0, mirror 0  OK

PASS — mirror converged
